 x   y     v      u  t 
 11   8    0.0    NA  2
  8  30    0.0    NA  2
  9  48  224.4    NA  2
  8  68  434.4    NA  2
  9  90  412.1    NA  2
 10 110  587.2    NA  2
  9 129  192.3    NA  2
 11 150   31.3    NA  2
 10 170  388.5    NA  2
  8 188  174.6    NA  2
  9 209  187.8    NA  2
 10 231   82.1    NA  1
 11 250   81.1    NA  1
 10 269  124.3    NA  2
  8 288  188.0    NA  2
 31  11   28.7    NA  2
 29  29   78.1    NA  2
 28  51  292.1    NA  2
 31  68  895.2    NA  2
 28  88  702.6    NA  2
 30 110  490.3    NA  2
 28 130  136.1    NA  2
 28 150  335.0    NA  2
 30 171  277.0    NA  2
 28 190  206.1    NA  2
 31 209   24.5    NA  2
 28 229  198.1    NA  2
 30 250   60.3    NA  2
 31 269  312.6    NA  2
 31 289  240.9    NA  2
 49  11  653.3    NA  2
 49  29   96.4    NA  2
 51  48  105.0    NA  2
 49  68   37.8    NA  2
 50  88  820.8    NA  2
 51 109  450.7    NA  2
 48 129  190.4    NA  2
 49 151  773.3    NA  2
 51 168  971.9    NA  2
 48 190  762.4    NA  2
 50 211  968.3    NA  2
 49 231  394.7    NA  2
 51 250  343.0    NA  2
 50 268  863.8    NA  2
 51 290  159.6    NA  1
 71   9  445.8    NA  2
 71  29  673.3    NA  2
 70  51  252.6    NA  2
 68  70  537.5    NA  2
 69  90    0.0    NA  2
 68 110  329.1    NA  2
 68 128  646.3    NA  2
 69 148  616.2    NA  2
 69 169  761.3    NA  2
 70 191  918.0    NA  2
 69 208   97.4    NA  1
 69 229    0.0    NA  1
 68 250    0.0    NA  1
 71 268    0.0    NA  1
 71 288    2.4    NA  1
 91  11  368.3    NA  2
 91  29   91.6    NA  2
 90  49  654.7    NA  2
 91  68  645.5    NA  2
 91  91  907.2    NA  2
 91 111  826.3    NA  2
 89 130  975.3    NA  2
 88 149  551.1    NA  2
 89 170  155.5    NA  1
 89 188   10.7    NA  1
 90 211    0.0    NA  1
 90 230    0.0    NA  1
 88 249    0.0    NA  1
 88 269   12.1    NA  1
 88 288   62.2    NA  1
109  11  399.6    NA  2
111  31  176.6    NA  2
108  49  402.0    NA  2
109  68  260.6    NA  2
108  88  192.0    NA  2
110 109  237.6    NA  2
109 129  702.0    NA  2
110 148   38.5    NA  2
111 169   22.1    NA  1
111 191    2.7    NA  1
110 208   17.9    NA  1
109 230  174.2    NA  2
109 249   12.9    NA  2
109 268  187.8    NA  2
111 291  268.8    NA  2
130   9  572.5    NA  2
131  31   29.1    NA  2
130  48   75.2    NA  2
128  70  399.9    NA  2
129  90  243.1    NA  2
131 109    0.0    NA  2
129 128  244.7    NA  2
131 148  185.2    NA  2
131 169   26.0    NA  1
129 191    0.0    NA  1
128 209  100.3    NA  1
130 231  530.3    NA  2
131 248  107.4    NA  2
128 269  159.3    NA  2
131 288   70.7    NA  2
148   8  260.2    NA  2
149  29  326.0    NA  2
150  49  332.7    NA  2
151  69  531.3    NA  2
150  89  547.2    NA  2
150 109  482.7    NA  2
150 129   84.1    NA  2
150 151    4.7    NA  2
149 169  180.6    NA  2
151 190    0.0    NA  1
148 208  342.4    NA  2
150 228  602.3    NA  2
149 251  209.1    NA  2
149 271   79.4    NA  2
148 291  104.1    NA  2
168   8  446.0    NA  2
171  29  189.9    NA  2
169  49  280.4    NA  2
168  69    0.0    NA  1
168  91  499.3    NA  2
171 109  457.3    NA  2
168 131  341.2    NA  2
171 150    0.0    NA  2
171 171  208.3    NA  2
169 191   99.7    NA  1
170 210  636.6    NA  2
170 230  173.1    NA  2
169 249   17.0    NA  2
168 271  283.1    NA  2
168 290   30.9    NA  1
190  11  348.5    NA  2
191  28  222.4    NA  2
191  48   59.1    NA  2
190  69    0.0    NA  1
190  89  326.0    NA  2
188 111  325.1    NA  2
191 129  114.7    NA  2
189 149  481.6    NA  2
190 169  324.1    NA  2
190 189   10.9    NA  1
188 210  332.9    NA  2
191 231  184.4    NA  2
190 248  146.6    NA  2
189 270   92.0    NA  1
189 290    2.5    NA  1
211  11  358.1    NA  2
209  30  473.3    NA  2
211  49  308.8    NA  2
210  70  406.8    NA  2
209  90  812.1    NA  2
210 111  339.7    NA  2
211 130  223.9    NA  2
208 151  673.5    NA  2
209 168  141.0    NA  2
208 191   61.8    NA  1
210 211  258.3    NA  2
211 228  590.3    NA  2
211 250  166.9    NA  2
208 268  125.2    NA  2
208 289   29.3    NA  1
231  10  617.6    NA  2
231  28  425.9    NA  2
230  50  295.7    NA  2
230  71  224.9    NA  2
229  91   31.7    NA  1
229 110  377.4    NA  2
230 131  333.3    NA  2
228 148  351.0    NA  2
229 169    0.0    NA  1
231 191  137.6    NA  2
231 208  451.2    NA  2
229 228  639.5    NA  2
231 249  119.9    NA  2
231 268   27.2    NA  1
230 291    2.1    NA  1
249   9  167.7    NA  2
250  30  147.8    NA  2
249  48  442.7    NA  2
251  69  487.7    NA  2
251  91    0.0    NA  1
248 109   28.2    NA  1
249 130    0.0    NA  1
248 150   18.3    NA  1
250 169  266.3    NA  2
250 190  502.3    NA  2
251 208    0.0    NA  2
251 229  240.9    NA  2
249 251  234.4    NA  2
248 270   22.4    NA  1
250 291   45.6    NA  1
 40  71   76.2    1.1 2
 21  69  284.3    7.8 2
 28  80  606.8  105.3 2
 29  59  772.7 1512.7 2
 41  81  269.5    9.8 2
 18  80 1036.7  860.4 2
 39  60  783.8 1207.3 2
 18  60  519.4  177.1 2
 41  90  414.9   23.4 2
 21  90  601.4  173.1 2
 31 101  579.2  296.5 2
 41 100  601.4  300.6 2
 21 100  594.6  229.7 2
 60   8  550.1  258.3 2
 40  11   99.4    2.2 2
 51  18  233.6   14.2 2
 59  20   14.4    0.1 2
 41  21  115.9    3.1 2
 59  90  506.2  126.9 2
 51 101  502.4   73.8 2
 50  81  608.0  210.7 2
 59 101  363.9   30.4 2
 60  81  385.6   50.3 2
 60 151 1521.6 3691.8 2
 38 148  340.9   50.0 2
 50 160  879.1  474.2 2
 50 138  413.4   83.0 2
 61 158  868.9  983.8 2
 39 160  657.4  217.8 2
 61 139  477.0   71.5 2
 38 140  268.5   26.2 2
 61 170  806.4  301.1 2
 39 170  914.4 1548.5 2
 49 179  811.5  234.9 2
 58 179 1113.6 2154.7 2
 39 181 1008.0 3637.4 2
 60 191 1528.1 1930.9 2
 40 190  970.9 1391.1 2
 51 198 1109.0 1660.8 2
 60 198 1203.9 1813.7 2
 40 200  641.3  249.1 2
 58 208  720.6 1160.1 2
 38 209  665.3  547.8 2
 50 221  543.3 1066.6 2
 61 220  101.1   59.5 1
 39 221  615.9  420.9 2
 59 268  543.1 1714.2 2
 41 271  868.8  828.7 2
 49 278  583.0 1788.8 2
 51 260  670.7 3738.9 2
 59 281  148.8  675.0 1
 39 279  798.0 1182.1 2
 59 258  194.9  983.3 1
 38 260  635.2  766.6 2
 78  28  781.6  565.4 2
 60  29  238.6   12.7 2
 70  41  472.0   84.9 2
 70  21   58.1    0.3 2
 78  41  600.3  124.6 2
 61  41   64.9    0.8 2
 78  20  505.9   70.0 2
 80 131  801.6  421.1 2
 58 128  158.8    4.3 2
 71 140  606.3  175.1 2
 70 121   30.7    0.0 2
 79 138  730.1 1694.5 2
 80 119  421.2   35.1 2
 61 121  104.8    1.8 2
 79 149   44.1    0.0 2
 71 160  801.1 2535.0 2
 78 159  742.0 3371.5 2
 80 168  689.1  634.6 2
 69 181  424.6  762.6 2
 79 181  184.3  241.7 2
 80 188  245.2  431.1 2
 70 198  630.0 1992.1 2
 81 200    0.0    0.0 1 
100  48   48.7    0.0 2
 80  49  757.4  473.8 2
 90  58  739.8  280.2 2
 88  39  520.7   76.8 2
100  60    0.0    0.0 2
 80  59    0.0    0.0 2
101  38  730.5  464.0 2
101  68  383.1   97.8 2
 79  70  508.8  103.9 2
 90  79  573.3  138.3 2
100  78  372.4   70.9 2
 81  81  585.8  197.2 2
100  91  397.2   38.9 2
 80  89  614.5  192.3 2
 91  99  734.9  159.6 2
101 100  599.3  539.3 2
 81  98  181.2    1.3 2
 98 111  744.8 1987.0 2
 81 108 1022.3  643.0 2
 90 120  899.3 1290.3 2
100 118  363.7   20.5 2
 98 130  513.2  263.9 2
 90 140  648.8 2147.5 2
 99 138  645.4 1927.1 2
121 131   13.0    0.2 2
111 140  190.3   48.8 2
108 121  893.0 3070.9 2
120 141  104.7   14.6 2
119 118  150.4   16.9 2
158 228  558.4  551.6 2
140 229  558.0  513.9 2
150 241  318.5  129.2 2
151 218  394.3  239.2 2
161 241  141.9    8.6 2
141 240  112.5    4.6 2
160 218  580.4 1118.7 2
139 220  535.9  445.7 2
178 211  398.2  561.8 2
159 209  517.3 1480.8 2
169 221  427.2  197.2 2
170 198  367.6 1429.8 2
180 218  374.7   77.5 2
178 201  144.8   81.3 2
158 198  169.8  154.5 2
219  88  235.1  136.9 2
198  90  611.7  735.8 2
211 100  746.4  710.6 2
208  80  436.6  495.8 2
221  99  540.9  586.8 2
199  98  801.0 1419.0 2
220  81  272.1  177.3 2
198  78  204.1   86.0 2
220 150  543.9  675.0 2
200 150  606.2  381.1 2
208 159  356.0  280.4 2
210 140  440.9  330.3 2
221 160  301.8  365.6 2
198 161  369.4  154.5 2
219 139  166.8   24.5 2
200 139  230.9   42.2 2
239   8  240.3   80.2 2
218   8  737.1 1373.4 2
229  19  518.6  147.7 2
239  18  390.7  186.7 2
218  18  797.4 1429.7 2
238 229  602.6 1510.9 2
218 228  430.8  265.2 2
231 239  354.1  478.0 2
230 221  602.4  538.9 2
240 239  172.6   51.9 2
221 241  324.8  290.9 2
239 220  420.1  398.3 2
218 218  763.5 1236.7 2
 35  71  687.8  486.8 2
 24  71  735.8  463.9 2
 34  88   86.9    0.1 2
 23  91  817.0  708.8 2
 54  10  637.9  349.4 2
 46  11  512.3  392.0 2
 55  89  423.4   21.2 2
 45  89  569.6   62.8 2
 53 150  858.0  873.0 2
 46 148  234.0    7.5 2
 55 168  876.0  288.1 2
 43 170 1082.8 1174.9 2
 55 191 1392.6 1004.7 2
 44 191  646.6   76.8 2
 55 211  889.7  938.8 2
 46 211  509.2  429.7 2
 54 269  613.1 2922.4 2
 43 271  767.8  198.1 2
 73  29  649.4  231.7 2
 64  31  235.4   10.8 2
 75 129  782.8  639.3 2
 64 129  227.3    8.6 2
 73 149  722.9  696.1 2
 64 151  974.5  664.1 2
 75 171  512.2  144.8 2
 63 168 1215.8 1446.1 2
 73 188  687.1 2351.5 2
 64 191 1259.9 1257.6 2
 93  48  684.5  373.2 2
 86  48  471.9   31.8 2
 93  70  512.1  196.1 2
 84  69  963.9 1210.0 2
 93  90  874.0 1031.3 2
 86  89  582.4  117.0 2
 96 111  553.2  360.5 2
 85 108  937.3 1495.5 2
 93 131  883.6 1336.8 2
 86 131  879.0  965.3 2
114 131  268.4  104.4 2
106 130  651.5 1957.7 2
155 229  386.4   88.2 2
145 230  333.2   63.5 2
174 208  339.2  335.0 2
166 211  600.3  647.6 2
215  89  595.2 1457.0 2
205  89  809.6  955.8 2
215 148  293.3   67.7 2
204 151  697.3  444.5 2
236   9  515.9 1593.8 2
223   9  613.2  277.6 2
236 229  665.3 1962.0 2
226 230  813.6 2279.8 2
 35  80  174.8    2.0 2
 24  79  891.8  635.7 2
 36  61  699.6 1547.8 2
 26  58   39.5    0.3 2
 16  80  915.6  634.8 2
 43  60  584.0   97.4 2
 15  88  610.0  319.3 2
 46  99  566.8  100.2 2
 36  99   38.1    0.0 2
 54  80  483.0  105.0 2
 46  81  542.6  138.6 2
 54 161  959.3  466.7 2
 43 161  631.9  261.1 2
 65 160  928.3 2252.5 2
 33 160  431.0   48.6 2
 36 170  672.3  605.5 2
 53 179 1003.4  425.4 2
 44 180  876.4  937.8 2
 65 181  734.1  589.3 2
 34 180  366.0  110.2 2
 33 191  296.5   79.1 2
 55 199 1069.2  376.4 2
 46 198  804.3  674.6 2
 63 201  731.1 1363.3 2
 34 201  318.1   79.6 2
 65 210  238.6  488.3 2
 35 208  428.9  161.2 2
 46 220  737.4 1236.1 2
 36 219  429.1  152.3 2
 35 271  597.4  397.0 2
 53 258  442.6 1696.4 2
 46 260  765.2  779.8 2
 45 281  605.5  934.8 2
 35 278  795.9 1588.3 2
 35 259  235.0   18.9 2
 84  30  562.0   85.3 2
 84  41  411.4   34.0 2
 75  40  696.7  356.2 2
 73 141  790.9  607.3 2
 63 140  696.5  357.8 2
 84 138  687.3  893.4 2
 76 159  597.5  997.3 2
 84 161  437.4  387.2 2
 86 169  317.4  761.7 2
 73 199  470.7 5190.1 2
 76  51  498.7  101.8 2
 94  61  778.7 1354.0 2
 85  60  523.3  117.5 2
104  38  617.1  200.2 2
 93  41  395.3   28.4 2
 75  90  518.9  113.0 2
 94 101  383.7   12.9 2
 85 100  704.1  126.0 2
104 109  562.3  908.6 2
 75 110  655.3  349.0 2
 95 121  823.6  548.4 2
 83 119  847.7  701.4 2
 94 140  607.5  723.2 2
103 139  491.2  565.3 2
114 120  319.5  154.2 2
104 118  594.0  289.2 2
196  91  433.5  254.1 2
215 101  209.6    4.0 2
204 101  533.8  127.3 2
196 101  592.4  419.4 2
195 149  478.7  141.9 2
216  11  660.2 1424.8 2
225  19  832.2  512.2 2
214  19  242.5   15.6 2
245 231  161.2   26.1 2
233 220  626.0  959.7 2
226 221  800.1 1681.5 2
213 218  482.6  476.2 2
